0.994967 0.994956 1.98992 65
0.994961 -4.00621e-06 0.994959 35
0.994961 -9.5146e-07 0.994959 35
1.55277e-06 1.93425e-06 1.22059e-09 0
3.04852e-06 -1.29676e-07 1.84709e-09 0
0.994958 -0.994959 1.98992 5
-0.994959 -0.994959 1.98992 25
0.994951 0.994952 1.98992 65
0.994956 0.994956 1.98992 65
0.994959 -0.994959 1.98992 5
-0.994956 -0.994958 1.98992 25
0.994958 -0.994958 1.98992 5
3.66857e-07 0.994966 0.994959 70
-2.08897e-06 0.994959 0.994959 70
-0.994956 -3.81065e-06 0.994959 10
-0.994965 -1.94088e-05 0.994959 10
0.994976 5.76269e-06 0.994959 35
-3.98903e-06 0.994957 0.994959 70
-0.994961 -6.13318e-06 0.994959 10
1.95348e-05 5.36072e-06 8.14091e-08 0
-0.99496 -0.994955 1.98992 25
-0.994958 0.994956 1.98992 45
-0.99496 0.994965 1.98992 45
-0.994965 0.994957 1.98992 45
-1.00372 -0.608959 19.1277 15
0.00174401 -0.950319 1.38696 60
0.172017 -1.00791 6.3517 60
-0.0592616 -0.842306 5.9182 60
-0.969707 -0.310425 14.9234 15
